--------------------------------------------------------------------------------
CPU name:	Intel(R) Xeon Phi(TM) CPU 7210 @ 1.30GHz
CPU type:	Intel Xeon Phi (Knights Landing) (Co)Processor
CPU stepping:	1
********************************************************************************
Hardware Thread Topology
********************************************************************************
Sockets:		1
Cores per socket:	64
Threads per core:	4
--------------------------------------------------------------------------------
HWThread	Thread		Core		Socket		Available
0		0		0		0		*
1		0		2		0		*
2		0		3		0		*
3		0		4		0		*
4		0		5		0		*
5		0		6		0		*
6		0		7		0		*
7		0		8		0		*
8		0		9		0		*
9		1		2		0		*
10		1		3		0		*
11		1		4		0		*
12		1		5		0		*
13		1		6		0		*
14		1		7		0		*
15		1		8		0		*
16		1		9		0		*
17		2		2		0		*
18		2		3		0		*
19		2		4		0		*
20		2		5		0		*
21		2		6		0		*
22		2		7		0		*
23		2		8		0		*
24		2		9		0		*
25		0		10		0		*
26		3		2		0		*
27		3		3		0		*
28		3		4		0		*
29		3		5		0		*
30		3		6		0		*
31		3		7		0		*
32		3		8		0		*
33		3		9		0		*
34		0		1		0		*
35		0		12		0		*
36		0		13		0		*
37		0		14		0		*
38		0		15		0		*
39		0		16		0		*
40		0		17		0		*
41		0		18		0		*
42		0		19		0		*
43		0		20		0		*
44		0		21		0		*
45		0		22		0		*
46		0		23		0		*
47		0		24		0		*
48		0		25		0		*
49		0		26		0		*
50		0		27		0		*
51		0		28		0		*
52		0		29		0		*
53		0		30		0		*
54		0		31		0		*
55		0		32		0		*
56		0		33		0		*
57		0		34		0		*
58		0		35		0		*
59		0		36		0		*
60		0		37		0		*
61		0		38		0		*
62		0		39		0		*
63		0		40		0		*
64		0		41		0		*
65		0		42		0		*
66		0		43		0		*
67		0		44		0		*
68		0		45		0		*
69		0		46		0		*
70		0		47		0		*
71		0		48		0		*
72		0		49		0		*
73		0		50		0		*
74		0		51		0		*
75		0		52		0		*
76		0		53		0		*
77		0		54		0		*
78		0		55		0		*
79		0		56		0		*
80		0		57		0		*
81		0		58		0		*
82		0		59		0		*
83		0		60		0		*
84		0		61		0		*
85		0		62		0		*
86		0		63		0		*
87		0		11		0		*
88		1		10		0		*
89		1		0		0		*
90		1		1		0		*
91		1		12		0		*
92		1		13		0		*
93		1		14		0		*
94		1		15		0		*
95		1		16		0		*
96		1		17		0		*
97		1		18		0		*
98		1		19		0		*
99		1		20		0		*
100		1		21		0		*
101		1		22		0		*
102		1		23		0		*
103		1		24		0		*
104		1		25		0		*
105		1		26		0		*
106		1		27		0		*
107		1		28		0		*
108		1		29		0		*
109		1		30		0		*
110		1		31		0		*
111		1		32		0		*
112		1		33		0		*
113		1		34		0		*
114		1		35		0		*
115		1		36		0		*
116		1		37		0		*
117		1		38		0		*
118		1		39		0		*
119		1		40		0		*
120		1		41		0		*
121		1		42		0		*
122		1		43		0		*
123		1		44		0		*
124		1		45		0		*
125		1		46		0		*
126		1		47		0		*
127		1		48		0		*
128		1		49		0		*
129		1		50		0		*
130		1		51		0		*
131		1		52		0		*
132		1		53		0		*
133		1		54		0		*
134		1		55		0		*
135		1		56		0		*
136		1		57		0		*
137		1		58		0		*
138		1		59		0		*
139		1		60		0		*
140		1		61		0		*
141		1		62		0		*
142		1		63		0		*
143		1		11		0		*
144		2		10		0		*
145		2		0		0		*
146		2		1		0		*
147		2		12		0		*
148		2		13		0		*
149		2		14		0		*
150		2		15		0		*
151		2		16		0		*
152		2		17		0		*
153		2		18		0		*
154		2		19		0		*
155		2		20		0		*
156		2		21		0		*
157		2		22		0		*
158		2		23		0		*
159		2		24		0		*
160		2		25		0		*
161		2		26		0		*
162		2		27		0		*
163		2		28		0		*
164		2		29		0		*
165		2		30		0		*
166		2		31		0		*
167		2		32		0		*
168		2		33		0		*
169		2		34		0		*
170		2		35		0		*
171		2		36		0		*
172		2		37		0		*
173		2		38		0		*
174		2		39		0		*
175		2		40		0		*
176		2		41		0		*
177		2		42		0		*
178		2		43		0		*
179		2		44		0		*
180		2		45		0		*
181		2		46		0		*
182		2		47		0		*
183		2		48		0		*
184		2		49		0		*
185		2		50		0		*
186		2		51		0		*
187		2		52		0		*
188		2		53		0		*
189		2		54		0		*
190		2		55		0		*
191		2		56		0		*
192		2		57		0		*
193		2		58		0		*
194		2		59		0		*
195		2		60		0		*
196		2		61		0		*
197		2		62		0		*
198		2		63		0		*
199		2		11		0		*
200		3		10		0		*
201		3		0		0		*
202		3		1		0		*
203		3		12		0		*
204		3		13		0		*
205		3		14		0		*
206		3		15		0		*
207		3		16		0		*
208		3		17		0		*
209		3		18		0		*
210		3		19		0		*
211		3		20		0		*
212		3		21		0		*
213		3		22		0		*
214		3		23		0		*
215		3		24		0		*
216		3		25		0		*
217		3		26		0		*
218		3		27		0		*
219		3		28		0		*
220		3		29		0		*
221		3		30		0		*
222		3		31		0		*
223		3		32		0		*
224		3		33		0		*
225		3		34		0		*
226		3		35		0		*
227		3		36		0		*
228		3		37		0		*
229		3		38		0		*
230		3		39		0		*
231		3		40		0		*
232		3		41		0		*
233		3		42		0		*
234		3		43		0		*
235		3		44		0		*
236		3		45		0		*
237		3		46		0		*
238		3		47		0		*
239		3		48		0		*
240		3		49		0		*
241		3		50		0		*
242		3		51		0		*
243		3		52		0		*
244		3		53		0		*
245		3		54		0		*
246		3		55		0		*
247		3		56		0		*
248		3		57		0		*
249		3		58		0		*
250		3		59		0		*
251		3		60		0		*
252		3		61		0		*
253		3		62		0		*
254		3		63		0		*
255		3		11		0		*
--------------------------------------------------------------------------------
Socket 0:		( 0 89 145 201 34 90 146 202 1 9 17 26 2 10 18 27 3 11 19 28 4 12 20 29 5 13 21 30 6 14 22 31 7 15 23 32 8 16 24 33 25 88 144 200 87 143 199 255 35 91 147 203 36 92 148 204 37 93 149 205 38 94 150 206 39 95 151 207 40 96 152 208 41 97 153 209 42 98 154 210 43 99 155 211 44 100 156 212 45 101 157 213 46 102 158 214 47 103 159 215 48 104 160 216 49 105 161 217 50 106 162 218 51 107 163 219 52 108 164 220 53 109 165 221 54 110 166 222 55 111 167 223 56 112 168 224 57 113 169 225 58 114 170 226 59 115 171 227 60 116 172 228 61 117 173 229 62 118 174 230 63 119 175 231 64 120 176 232 65 121 177 233 66 122 178 234 67 123 179 235 68 124 180 236 69 125 181 237 70 126 182 238 71 127 183 239 72 128 184 240 73 129 185 241 74 130 186 242 75 131 187 243 76 132 188 244 77 133 189 245 78 134 190 246 79 135 191 247 80 136 192 248 81 137 193 249 82 138 194 250 83 139 195 251 84 140 196 252 85 141 197 253 86 142 198 254 )
--------------------------------------------------------------------------------
********************************************************************************
Cache Topology
********************************************************************************
Level:			1
Size:			32 kB
Cache groups:		( 0 89 145 201 ) ( 34 90 146 202 ) ( 1 9 17 26 ) ( 2 10 18 27 ) ( 3 11 19 28 ) ( 4 12 20 29 ) ( 5 13 21 30 ) ( 6 14 22 31 ) ( 7 15 23 32 ) ( 8 16 24 33 ) ( 25 88 144 200 ) ( 87 143 199 255 ) ( 35 91 147 203 ) ( 36 92 148 204 ) ( 37 93 149 205 ) ( 38 94 150 206 ) ( 39 95 151 207 ) ( 40 96 152 208 ) ( 41 97 153 209 ) ( 42 98 154 210 ) ( 43 99 155 211 ) ( 44 100 156 212 ) ( 45 101 157 213 ) ( 46 102 158 214 ) ( 47 103 159 215 ) ( 48 104 160 216 ) ( 49 105 161 217 ) ( 50 106 162 218 ) ( 51 107 163 219 ) ( 52 108 164 220 ) ( 53 109 165 221 ) ( 54 110 166 222 ) ( 55 111 167 223 ) ( 56 112 168 224 ) ( 57 113 169 225 ) ( 58 114 170 226 ) ( 59 115 171 227 ) ( 60 116 172 228 ) ( 61 117 173 229 ) ( 62 118 174 230 ) ( 63 119 175 231 ) ( 64 120 176 232 ) ( 65 121 177 233 ) ( 66 122 178 234 ) ( 67 123 179 235 ) ( 68 124 180 236 ) ( 69 125 181 237 ) ( 70 126 182 238 ) ( 71 127 183 239 ) ( 72 128 184 240 ) ( 73 129 185 241 ) ( 74 130 186 242 ) ( 75 131 187 243 ) ( 76 132 188 244 ) ( 77 133 189 245 ) ( 78 134 190 246 ) ( 79 135 191 247 ) ( 80 136 192 248 ) ( 81 137 193 249 ) ( 82 138 194 250 ) ( 83 139 195 251 ) ( 84 140 196 252 ) ( 85 141 197 253 ) ( 86 142 198 254 )
--------------------------------------------------------------------------------
Level:			2
Size:			1 MB
Cache groups:		( 0 89 145 201 34 90 146 202 ) ( 1 9 17 26 2 10 18 27 ) ( 3 11 19 28 4 12 20 29 ) ( 5 13 21 30 6 14 22 31 ) ( 7 15 23 32 8 16 24 33 ) ( 25 88 144 200 87 143 199 255 ) ( 35 91 147 203 36 92 148 204 ) ( 37 93 149 205 38 94 150 206 ) ( 39 95 151 207 40 96 152 208 ) ( 41 97 153 209 42 98 154 210 ) ( 43 99 155 211 44 100 156 212 ) ( 45 101 157 213 46 102 158 214 ) ( 47 103 159 215 48 104 160 216 ) ( 49 105 161 217 50 106 162 218 ) ( 51 107 163 219 52 108 164 220 ) ( 53 109 165 221 54 110 166 222 ) ( 55 111 167 223 56 112 168 224 ) ( 57 113 169 225 58 114 170 226 ) ( 59 115 171 227 60 116 172 228 ) ( 61 117 173 229 62 118 174 230 ) ( 63 119 175 231 64 120 176 232 ) ( 65 121 177 233 66 122 178 234 ) ( 67 123 179 235 68 124 180 236 ) ( 69 125 181 237 70 126 182 238 ) ( 71 127 183 239 72 128 184 240 ) ( 73 129 185 241 74 130 186 242 ) ( 75 131 187 243 76 132 188 244 ) ( 77 133 189 245 78 134 190 246 ) ( 79 135 191 247 80 136 192 248 ) ( 81 137 193 249 82 138 194 250 ) ( 83 139 195 251 84 140 196 252 ) ( 85 141 197 253 86 142 198 254 )
--------------------------------------------------------------------------------
********************************************************************************
NUMA Topology
********************************************************************************
NUMA domains:		2
--------------------------------------------------------------------------------
Domain:			0
Processors:		( 0 89 145 201 34 90 146 202 1 9 17 26 2 10 18 27 3 11 19 28 4 12 20 29 5 13 21 30 6 14 22 31 7 15 23 32 8 16 24 33 25 88 144 200 87 143 199 255 35 91 147 203 36 92 148 204 37 93 149 205 38 94 150 206 39 95 151 207 40 96 152 208 41 97 153 209 42 98 154 210 43 99 155 211 44 100 156 212 45 101 157 213 46 102 158 214 47 103 159 215 48 104 160 216 49 105 161 217 50 106 162 218 51 107 163 219 52 108 164 220 53 109 165 221 54 110 166 222 55 111 167 223 56 112 168 224 57 113 169 225 58 114 170 226 59 115 171 227 60 116 172 228 61 117 173 229 62 118 174 230 63 119 175 231 64 120 176 232 65 121 177 233 66 122 178 234 67 123 179 235 68 124 180 236 69 125 181 237 70 126 182 238 71 127 183 239 72 128 184 240 73 129 185 241 74 130 186 242 75 131 187 243 76 132 188 244 77 133 189 245 78 134 190 246 79 135 191 247 80 136 192 248 81 137 193 249 82 138 194 250 83 139 195 251 84 140 196 252 85 141 197 253 86 142 198 254 )
Distances:		10 31
Free memory:		93860.4 MB
Total memory:		98207.8 MB
--------------------------------------------------------------------------------
Domain:			1
Processors:		( )
Distances:		31 10
Free memory:		15926.9 MB
Total memory:		16384 MB
--------------------------------------------------------------------------------


********************************************************************************
Graphical Topology
********************************************************************************
Socket 0:
+-----------------------------------------------------------------------------------------------------------------------------------------------------------------------------------------------------------------------------------------------------------------------------------------------------------------------------------------------------------------------------------------------------------------------------------------------------------------------------------------------------------------------------------------------------------------------------------------------------------------------------------------------------------------------------------------------------------------------------------------------------------------------------------------------------------------------------------------------------------------------------------------------------------------------------------------------------------------------------------------------------------------------------------------------------------------------------------------------------------------------------------------------------------------------------------------------------------------------------------------------------------------------------------------------------------------------------------------------------------------------------------------------------------------------------------------------------------------+
| +-------------------+ +-------------------+ +-------------------+ +-------------------+ +-------------------+ +-------------------+ +-------------------+ +-------------------+ +-------------------+ +-------------------+ +-------------------+ +-------------------+ +-------------------+ +-------------------+ +-------------------+ +-------------------+ +-------------------+ +-------------------+ +-------------------+ +-------------------+ +-------------------+ +-------------------+ +-------------------+ +-------------------+ +-------------------+ +-------------------+ +-------------------+ +-------------------+ +-------------------+ +-------------------+ +-------------------+ +-------------------+ +-------------------+ +-------------------+ +-------------------+ +-------------------+ +-------------------+ +-------------------+ +-------------------+ +-------------------+ +-------------------+ +-------------------+ +-------------------+ +-------------------+ +-------------------+ +-------------------+ +-------------------+ +-------------------+ +-------------------+ +-------------------+ +-------------------+ +-------------------+ +-------------------+ +-------------------+ +-------------------+ +-------------------+ +-------------------+ +-------------------+ +-------------------+ +-------------------+ +-------------------+ +-------------------+ +-------------------+ +-------------------+ |
| |  0 89  145  201   | |  34 90  146  202  | |    1 9  17  26    | |   2 10  18  27    | |   3 11  19  28    | |   4 12  20  29    | |   5 13  21  30    | |   6 14  22  31    | |   7 15  23  32    | |   8 16  24  33    | |  25 88  144  200  | | 87 143  199  255  | |  35 91  147  203  | |  36 92  148  204  | |  37 93  149  205  | |  38 94  150  206  | |  39 95  151  207  | |  40 96  152  208  | |  41 97  153  209  | |  42 98  154  210  | |  43 99  155  211  | | 44 100  156  212  | | 45 101  157  213  | | 46 102  158  214  | | 47 103  159  215  | | 48 104  160  216  | | 49 105  161  217  | | 50 106  162  218  | | 51 107  163  219  | | 52 108  164  220  | | 53 109  165  221  | | 54 110  166  222  | | 55 111  167  223  | | 56 112  168  224  | | 57 113  169  225  | | 58 114  170  226  | | 59 115  171  227  | | 60 116  172  228  | | 61 117  173  229  | | 62 118  174  230  | | 63 119  175  231  | | 64 120  176  232  | | 65 121  177  233  | | 66 122  178  234  | | 67 123  179  235  | | 68 124  180  236  | | 69 125  181  237  | | 70 126  182  238  | | 71 127  183  239  | | 72 128  184  240  | | 73 129  185  241  | | 74 130  186  242  | | 75 131  187  243  | | 76 132  188  244  | | 77 133  189  245  | | 78 134  190  246  | | 79 135  191  247  | | 80 136  192  248  | | 81 137  193  249  | | 82 138  194  250  | | 83 139  195  251  | | 84 140  196  252  | | 85 141  197  253  | | 86 142  198  254  | |
| +-------------------+ +-------------------+ +-------------------+ +-------------------+ +-------------------+ +-------------------+ +-------------------+ +-------------------+ +-------------------+ +-------------------+ +-------------------+ +-------------------+ +-------------------+ +-------------------+ +-------------------+ +-------------------+ +-------------------+ +-------------------+ +-------------------+ +-------------------+ +-------------------+ +-------------------+ +-------------------+ +-------------------+ +-------------------+ +-------------------+ +-------------------+ +-------------------+ +-------------------+ +-------------------+ +-------------------+ +-------------------+ +-------------------+ +-------------------+ +-------------------+ +-------------------+ +-------------------+ +-------------------+ +-------------------+ +-------------------+ +-------------------+ +-------------------+ +-------------------+ +-------------------+ +-------------------+ +-------------------+ +-------------------+ +-------------------+ +-------------------+ +-------------------+ +-------------------+ +-------------------+ +-------------------+ +-------------------+ +-------------------+ +-------------------+ +-------------------+ +-------------------+ +-------------------+ +-------------------+ +-------------------+ +-------------------+ +-------------------+ +-------------------+ |
| +-------------------+ +-------------------+ +-------------------+ +-------------------+ +-------------------+ +-------------------+ +-------------------+ +-------------------+ +-------------------+ +-------------------+ +-------------------+ +-------------------+ +-------------------+ +-------------------+ +-------------------+ +-------------------+ +-------------------+ +-------------------+ +-------------------+ +-------------------+ +-------------------+ +-------------------+ +-------------------+ +-------------------+ +-------------------+ +-------------------+ +-------------------+ +-------------------+ +-------------------+ +-------------------+ +-------------------+ +-------------------+ +-------------------+ +-------------------+ +-------------------+ +-------------------+ +-------------------+ +-------------------+ +-------------------+ +-------------------+ +-------------------+ +-------------------+ +-------------------+ +-------------------+ +-------------------+ +-------------------+ +-------------------+ +-------------------+ +-------------------+ +-------------------+ +-------------------+ +-------------------+ +-------------------+ +-------------------+ +-------------------+ +-------------------+ +-------------------+ +-------------------+ +-------------------+ +-------------------+ +-------------------+ +-------------------+ +-------------------+ +-------------------+ |
| |       32 kB       | |       32 kB       | |       32 kB       | |       32 kB       | |       32 kB       | |       32 kB       | |       32 kB       | |       32 kB       | |       32 kB       | |       32 kB       | |       32 kB       | |       32 kB       | |       32 kB       | |       32 kB       | |       32 kB       | |       32 kB       | |       32 kB       | |       32 kB       | |       32 kB       | |       32 kB       | |       32 kB       | |       32 kB       | |       32 kB       | |       32 kB       | |       32 kB       | |       32 kB       | |       32 kB       | |       32 kB       | |       32 kB       | |       32 kB       | |       32 kB       | |       32 kB       | |       32 kB       | |       32 kB       | |       32 kB       | |       32 kB       | |       32 kB       | |       32 kB       | |       32 kB       | |       32 kB       | |       32 kB       | |       32 kB       | |       32 kB       | |       32 kB       | |       32 kB       | |       32 kB       | |       32 kB       | |       32 kB       | |       32 kB       | |       32 kB       | |       32 kB       | |       32 kB       | |       32 kB       | |       32 kB       | |       32 kB       | |       32 kB       | |       32 kB       | |       32 kB       | |       32 kB       | |       32 kB       | |       32 kB       | |       32 kB       | |       32 kB       | |       32 kB       | |
| +-------------------+ +-------------------+ +-------------------+ +-------------------+ +-------------------+ +-------------------+ +-------------------+ +-------------------+ +-------------------+ +-------------------+ +-------------------+ +-------------------+ +-------------------+ +-------------------+ +-------------------+ +-------------------+ +-------------------+ +-------------------+ +-------------------+ +-------------------+ +-------------------+ +-------------------+ +-------------------+ +-------------------+ +-------------------+ +-------------------+ +-------------------+ +-------------------+ +-------------------+ +-------------------+ +-------------------+ +-------------------+ +-------------------+ +-------------------+ +-------------------+ +-------------------+ +-------------------+ +-------------------+ +-------------------+ +-------------------+ +-------------------+ +-------------------+ +-------------------+ +-------------------+ +-------------------+ +-------------------+ +-------------------+ +-------------------+ +-------------------+ +-------------------+ +-------------------+ +-------------------+ +-------------------+ +-------------------+ +-------------------+ +-------------------+ +-------------------+ +-------------------+ +-------------------+ +-------------------+ +-------------------+ +-------------------+ +-------------------+ +-------------------+ |
| +-----------------------------------------+ +-----------------------------------------+ +-----------------------------------------+ +-----------------------------------------+ +-----------------------------------------+ +-----------------------------------------+ +-----------------------------------------+ +-----------------------------------------+ +-----------------------------------------+ +-----------------------------------------+ +-----------------------------------------+ +-----------------------------------------+ +-----------------------------------------+ +-----------------------------------------+ +-----------------------------------------+ +-----------------------------------------+ +-----------------------------------------+ +-----------------------------------------+ +-----------------------------------------+ +-----------------------------------------+ +-----------------------------------------+ +-----------------------------------------+ +-----------------------------------------+ +-----------------------------------------+ +-----------------------------------------+ +-----------------------------------------+ +-----------------------------------------+ +-----------------------------------------+ +-----------------------------------------+ +-----------------------------------------+ +-----------------------------------------+ +-----------------------------------------+ |
| |                   1 MB                  | |                   1 MB                  | |                   1 MB                  | |                   1 MB                  | |                   1 MB                  | |                   1 MB                  | |                   1 MB                  | |                   1 MB                  | |                   1 MB                  | |                   1 MB                  | |                   1 MB                  | |                   1 MB                  | |                   1 MB                  | |                   1 MB                  | |                   1 MB                  | |                   1 MB                  | |                   1 MB                  | |                   1 MB                  | |                   1 MB                  | |                   1 MB                  | |                   1 MB                  | |                   1 MB                  | |                   1 MB                  | |                   1 MB                  | |                   1 MB                  | |                   1 MB                  | |                   1 MB                  | |                   1 MB                  | |                   1 MB                  | |                   1 MB                  | |                   1 MB                  | |                   1 MB                  | |
| +-----------------------------------------+ +-----------------------------------------+ +-----------------------------------------+ +-----------------------------------------+ +-----------------------------------------+ +-----------------------------------------+ +-----------------------------------------+ +-----------------------------------------+ +-----------------------------------------+ +-----------------------------------------+ +-----------------------------------------+ +-----------------------------------------+ +-----------------------------------------+ +-----------------------------------------+ +-----------------------------------------+ +-----------------------------------------+ +-----------------------------------------+ +-----------------------------------------+ +-----------------------------------------+ +-----------------------------------------+ +-----------------------------------------+ +-----------------------------------------+ +-----------------------------------------+ +-----------------------------------------+ +-----------------------------------------+ +-----------------------------------------+ +-----------------------------------------+ +-----------------------------------------+ +-----------------------------------------+ +-----------------------------------------+ +-----------------------------------------+ +-----------------------------------------+ |
+-----------------------------------------------------------------------------------------------------------------------------------------------------------------------------------------------------------------------------------------------------------------------------------------------------------------------------------------------------------------------------------------------------------------------------------------------------------------------------------------------------------------------------------------------------------------------------------------------------------------------------------------------------------------------------------------------------------------------------------------------------------------------------------------------------------------------------------------------------------------------------------------------------------------------------------------------------------------------------------------------------------------------------------------------------------------------------------------------------------------------------------------------------------------------------------------------------------------------------------------------------------------------------------------------------------------------------------------------------------------------------------------------------------------------------------------------------------------+
